PREINIT  
METSIKKO  
1 6900.91 
2 283.069 
3 160 
9 arp_14586_1 
21 1 
22 4 
25 1 
57 99 
74 1 
78 1 
79 2 
109 1 
PUUT  
1 1 1
1 2 10
1 3 1
1 4 34
1 5 29
1 6 5.15
1 7 7.1
1 9 2
1 38 2
2 1 56
2 2 10
2 3 1
2 4 34
2 5 29
2 6 16.65
2 7 12
2 9 2
2 38 2
3 1 67
3 2 10
3 3 1
3 4 34
3 5 29
3 6 7.7
3 7 8.529
3 9 2
3 38 2
4 1 78
4 2 10
4 3 1
4 4 34
4 5 29
4 6 12.2
4 7 10
4 9 2
4 38 2
5 1 89
5 2 10
5 3 1
5 4 34
5 5 29
5 6 9.35
5 7 9.484
5 9 2
5 38 2
6 1 100
6 2 10
6 3 1
6 4 34
6 5 29
6 6 7.95
6 7 8.687
6 9 2
6 38 2
7 1 111
7 2 10
7 3 1
7 4 34
7 5 29
7 6 11.45
7 7 10.459
7 9 2
7 38 2
8 1 122
8 2 10
8 3 1
8 4 34
8 5 29
8 6 10.45
8 7 9.5
8 9 2
8 38 2
9 1 133
9 2 10
9 3 1
9 4 34
9 5 29
9 6 9.05
9 7 9.324
9 9 2
9 38 2
10 1 2
10 2 10
10 3 1
10 4 34
10 5 29
10 6 8.8
10 7 9.187
10 9 2
10 38 2
11 1 13
11 2 10
11 3 1
11 4 34
11 5 29
11 6 11.9
11 7 11
11 9 2
11 38 2
12 1 24
12 2 10
12 3 2
12 4 34
12 5 29
12 6 13.3
12 7 11.153
12 9 2
12 38 2
13 1 35
13 2 10
13 3 1
13 4 34
13 5 29
13 6 3.9
13 7 5.375
13 9 2
13 38 2
14 1 46
14 2 10
14 3 1
14 4 34
14 5 29
14 6 5.55
14 7 6.942
14 9 2
14 38 2
15 1 51
15 2 10
15 3 1
15 4 34
15 5 29
15 6 9.95
15 7 9
15 9 2
15 38 2
16 1 52
16 2 10
16 3 1
16 4 34
16 5 29
16 6 8.35
16 7 8.929
16 9 2
16 38 2
17 1 53
17 2 10
17 3 1
17 4 34
17 5 29
17 6 11.35
17 7 10.418
17 9 2
17 38 2
18 1 54
18 2 10
18 3 1
18 4 34
18 5 29
18 6 6.85
18 7 7.6
18 9 2
18 38 2
19 1 55
19 2 10
19 3 1
19 4 34
19 5 29
19 6 6.15
19 7 7.431
19 9 2
19 38 2
20 1 57
20 2 10
20 3 1
20 4 34
20 5 29
20 6 6.95
20 7 8.026
20 9 2
20 38 2
21 1 58
21 2 10
21 3 1
21 4 34
21 5 29
21 6 7.4
21 7 8.334
21 9 2
21 38 2
22 1 59
22 2 10
22 3 1
22 4 34
22 5 29
22 6 8.1
22 7 9.5
22 9 2
22 38 2
23 1 60
23 2 10
23 3 1
23 4 34
23 5 29
23 6 8.05
23 7 8.748
23 9 2
23 38 2
24 1 61
24 2 10
24 3 1
24 4 34
24 5 29
24 6 9.5
24 7 9.562
24 9 2
24 38 2
25 1 62
25 2 10
25 3 1
25 4 34
25 5 29
25 6 8.6
25 7 9
25 9 2
25 38 2
26 1 63
26 2 10
26 3 1
26 4 34
26 5 29
26 6 15.3
26 7 11.775
26 9 2
26 38 2
27 1 64
27 2 10
27 3 1
27 4 34
27 5 29
27 6 16.35
27 7 11.5
27 9 2
27 38 2
28 1 65
28 2 10
28 3 1
28 4 34
28 5 29
28 6 7.45
28 7 8.367
28 9 2
28 38 2
29 1 66
29 2 10
29 3 1
29 4 34
29 5 29
29 6 5.5
29 7 6.3
29 9 2
29 38 2
30 1 68
30 2 10
30 3 1
30 4 34
30 5 29
30 6 10
30 7 9.811
30 9 2
30 38 2
31 1 69
31 2 10
31 3 1
31 4 34
31 5 29
31 6 9.4
31 7 9
31 9 2
31 38 2
32 1 70
32 2 10
32 3 4
32 4 34
32 5 29
32 6 10.05
32 7 9.835
32 9 2
32 38 2
33 1 71
33 2 10
33 3 4
33 4 34
33 5 29
33 6 13.8
33 7 11.32
33 9 2
33 38 2
34 1 72
34 2 10
34 3 1
34 4 34
34 5 29
34 6 8.3
34 7 8.899
34 9 2
34 38 2
35 1 73
35 2 10
35 3 1
35 4 34
35 5 29
35 6 8.3
35 7 8.899
35 9 2
35 38 2
36 1 74
36 2 10
36 3 1
36 4 34
36 5 29
36 6 9.85
36 7 10
36 9 2
36 38 2
37 1 75
37 2 10
37 3 1
37 4 34
37 5 29
37 6 9.9
37 7 9.762
37 9 2
37 38 2
38 1 76
38 2 10
38 3 1
38 4 34
38 5 29
38 6 10.15
38 7 9.883
38 9 2
38 38 2
39 1 77
39 2 10
39 3 1
39 4 34
39 5 29
39 6 6.85
39 7 8.2
39 9 2
39 38 2
40 1 79
40 2 10
40 3 1
40 4 34
40 5 29
40 6 11.4
40 7 10.439
40 9 2
40 38 2
41 1 80
41 2 10
41 3 1
41 4 34
41 5 29
41 6 13.35
41 7 11.17
41 9 2
41 38 2
42 1 81
42 2 10
42 3 1
42 4 34
42 5 29
42 6 14.8
42 7 11.63
42 9 2
42 38 2
43 1 82
43 2 10
43 3 1
43 4 34
43 5 29
43 6 9.4
43 7 10
43 9 2
43 38 2
44 1 83
44 2 10
44 3 1
44 4 34
44 5 29
44 6 14.3
44 7 11.479
44 9 2
44 38 2
45 1 84
45 2 10
45 3 1
45 4 34
45 5 29
45 6 13.7
45 7 11.287
45 9 2
45 38 2
46 1 85
46 2 10
46 3 1
46 4 34
46 5 29
46 6 12.05
46 7 11
46 9 2
46 38 2
47 1 86
47 2 10
47 3 1
47 4 34
47 5 29
47 6 11
47 7 10.269
47 9 2
47 38 2
48 1 87
48 2 10
48 3 1
48 4 34
48 5 29
48 6 6.9
48 7 7.99
48 9 2
48 38 2
49 1 88
49 2 10
49 3 1
49 4 34
49 5 29
49 6 5.95
49 7 7.273
49 9 2
49 38 2
50 1 90
50 2 10
50 3 1
50 4 34
50 5 29
50 6 12.35
50 7 11.5
50 9 2
50 38 2
51 1 91
51 2 10
51 3 1
51 4 34
51 5 29
51 6 11.15
51 7 10.333
51 9 2
51 38 2
52 1 92
52 2 10
52 3 1
52 4 34
52 5 29
52 6 13.45
52 7 11.204
52 9 2
52 38 2
53 1 93
53 2 10
53 3 2
53 4 34
53 5 29
53 6 9.9
53 7 9.762
53 9 2
53 38 2
54 1 94
54 2 10
54 3 1
54 4 34
54 5 29
54 6 9.75
54 7 9
54 9 2
54 38 2
55 1 95
55 2 10
55 3 1
55 4 34
55 5 29
55 6 11.1
55 7 10.312
55 9 2
55 38 2
56 1 96
56 2 10
56 3 1
56 4 34
56 5 29
56 6 7.1
56 7 8.13
56 9 2
56 38 2
57 1 97
57 2 10
57 3 1
57 4 34
57 5 29
57 6 8.6
57 7 8.7
57 9 2
57 38 2
58 1 98
58 2 10
58 3 1
58 4 34
58 5 29
58 6 8.35
58 7 8.929
58 9 2
58 38 2
59 1 99
59 2 10
59 3 1
59 4 34
59 5 29
59 6 10.4
59 7 10
59 9 2
59 38 2
60 1 101
60 2 10
60 3 1
60 4 34
60 5 29
60 6 11.85
60 7 10.2
60 9 2
60 38 2
61 1 102
61 2 10
61 3 1
61 4 34
61 5 29
61 6 11.6
61 7 10.521
61 9 2
61 38 2
62 1 103
62 2 10
62 3 1
62 4 34
62 5 29
62 6 6.2
62 7 7.47
62 9 2
62 38 2
63 1 104
63 2 10
63 3 1
63 4 34
63 5 29
63 6 9.85
63 7 9.738
63 9 2
63 38 2
64 1 105
64 2 10
64 3 1
64 4 34
64 5 29
64 6 10.3
64 7 9.2
64 9 2
64 38 2
65 1 106
65 2 10
65 3 1
65 4 34
65 5 29
65 6 15.55
65 7 11.5
65 9 2
65 38 2
66 1 107
66 2 10
66 3 1
66 4 34
66 5 29
66 6 14.05
66 7 11.4
66 9 2
66 38 2
67 1 108
67 2 10
67 3 1
67 4 34
67 5 29
67 6 10.95
67 7 10
67 9 2
67 38 2
68 1 109
68 2 10
68 3 1
68 4 34
68 5 29
68 6 16.6
68 7 11.8
68 9 2
68 38 2
69 1 110
69 2 10
69 3 1
69 4 34
69 5 29
69 6 16.35
69 7 12.5
69 9 2
69 38 2
70 1 112
70 2 10
70 3 1
70 4 34
70 5 29
70 6 9.75
70 7 9.688
70 9 2
70 38 2
71 1 113
71 2 10
71 3 1
71 4 34
71 5 29
71 6 10.35
71 7 11.5
71 9 2
71 38 2
72 1 114
72 2 10
72 3 1
72 4 34
72 5 29
72 6 14.9
72 7 11.659
72 9 2
72 38 2
73 1 115
73 2 10
73 3 1
73 4 34
73 5 29
73 6 12.15
73 7 10.738
73 9 2
73 38 2
74 1 116
74 2 10
74 3 1
74 4 34
74 5 29
74 6 11.5
74 7 10.8
74 9 2
74 38 2
75 1 117
75 2 10
75 3 1
75 4 34
75 5 29
75 6 11.2
75 7 10.355
75 9 2
75 38 2
76 1 118
76 2 10
76 3 1
76 4 34
76 5 29
76 6 9.25
76 7 9.431
76 9 2
76 38 2
77 1 119
77 2 10
77 3 4
77 4 34
77 5 29
77 6 10.65
77 7 10.114
77 9 2
77 38 2
78 1 120
78 2 10
78 3 1
78 4 34
78 5 29
78 6 16.05
78 7 11
78 9 2
78 38 2
79 1 121
79 2 10
79 3 1
79 4 34
79 5 29
79 6 14.85
79 7 11.645
79 9 2
79 38 2
80 1 123
80 2 10
80 3 1
80 4 34
80 5 29
80 6 6
80 7 7.313
80 9 2
80 38 2
81 1 124
81 2 10
81 3 1
81 4 34
81 5 29
81 6 9.75
81 7 9.5
81 9 2
81 38 2
82 1 125
82 2 10
82 3 1
82 4 34
82 5 29
82 6 9.15
82 7 9.378
82 9 2
82 38 2
83 1 126
83 2 10
83 3 1
83 4 34
83 5 29
83 6 10.6
83 7 10.092
83 9 2
83 38 2
84 1 127
84 2 10
84 3 1
84 4 34
84 5 29
84 6 9.1
84 7 9.351
84 9 2
84 38 2
85 1 128
85 2 10
85 3 1
85 4 34
85 5 29
85 6 9.45
85 7 9.5
85 9 2
85 38 2
86 1 129
86 2 10
86 3 1
86 4 34
86 5 29
86 6 8.45
86 7 8.987
86 9 2
86 38 2
87 1 130
87 2 10
87 3 1
87 4 34
87 5 29
87 6 13.65
87 7 11.271
87 9 2
87 38 2
88 1 131
88 2 10
88 3 1
88 4 34
88 5 29
88 6 16.25
88 7 12.2
88 9 2
88 38 2
89 1 132
89 2 10
89 3 1
89 4 34
89 5 29
89 6 9.35
89 7 9.484
89 9 2
89 38 2
90 1 134
90 2 10
90 3 1
90 4 34
90 5 29
90 6 11
90 7 10.269
90 9 2
90 38 2
91 1 135
91 2 10
91 3 1
91 4 34
91 5 29
91 6 4.3
91 7 5.787
91 9 2
91 38 2
92 1 136
92 2 10
92 3 1
92 4 34
92 5 29
92 6 20.95
92 7 13
92 9 2
92 38 2
93 1 137
93 2 10
93 3 1
93 4 34
93 5 29
93 6 16.85
93 7 13
93 9 2
93 38 2
94 1 138
94 2 10
94 3 1
94 4 34
94 5 29
94 6 13.9
94 7 11.2
94 9 2
94 38 2
95 1 139
95 2 10
95 3 1
95 4 34
95 5 29
95 6 14.15
95 7 11.432
95 9 2
95 38 2
96 1 140
96 2 10
96 3 1
96 4 34
96 5 29
96 6 8.5
96 7 9.016
96 9 2
96 38 2
97 1 141
97 2 10
97 3 1
97 4 34
97 5 29
97 6 6
97 7 7.313
97 9 2
97 38 2
98 1 142
98 2 10
98 3 1
98 4 34
98 5 29
98 6 7.35
98 7 8
98 9 2
98 38 2
99 1 3
99 2 10
99 3 1
99 4 34
99 5 29
99 6 7.75
99 7 8.561
99 9 2
99 38 2
100 1 4
100 2 10
100 3 1
100 4 34
100 5 29
100 6 8
100 7 8.718
100 9 2
100 38 2
101 1 5
101 2 10
101 3 1
101 4 34
101 5 29
101 6 8.65
101 7 9.5
101 9 2
101 38 2
102 1 6
102 2 10
102 3 1
102 4 34
102 5 29
102 6 11
102 7 10.269
102 9 2
102 38 2
103 1 7
103 2 10
103 3 1
103 4 34
103 5 29
103 6 11.35
103 7 10.418
103 9 2
103 38 2
104 1 8
104 2 10
104 3 1
104 4 34
104 5 29
104 6 15.8
104 7 12.2
104 9 2
104 38 2
105 1 9
105 2 10
105 3 1
105 4 34
105 5 29
105 6 9.55
105 7 10
105 9 2
105 38 2
106 1 10
106 2 10
106 3 1
106 4 34
106 5 29
106 6 7.05
106 7 8.096
106 9 2
106 38 2
107 1 11
107 2 10
107 3 1
107 4 34
107 5 29
107 6 14.35
107 7 11.494
107 9 2
107 38 2
108 1 12
108 2 10
108 3 1
108 4 34
108 5 29
108 6 9.1
108 7 8.5
108 9 2
108 38 2
109 1 14
109 2 10
109 3 1
109 4 34
109 5 29
109 6 7.25
109 7 8.233
109 9 2
109 38 2
110 1 15
110 2 10
110 3 1
110 4 34
110 5 29
110 6 9.8
110 7 9.713
110 9 2
110 38 2
111 1 16
111 2 10
111 3 1
111 4 34
111 5 29
111 6 7.95
111 7 8.687
111 9 2
111 38 2
112 1 17
112 2 10
112 3 1
112 4 34
112 5 29
112 6 7.7
112 7 9.8
112 9 2
112 38 2
113 1 18
113 2 10
113 3 1
113 4 34
113 5 29
113 6 11.9
113 7 10.641
113 9 2
113 38 2
114 1 19
114 2 10
114 3 4
114 4 34
114 5 29
114 6 10.1
114 7 9.859
114 9 2
114 38 2
115 1 20
115 2 10
115 3 1
115 4 34
115 5 29
115 6 11.6
115 7 11
115 9 2
115 38 2
116 1 21
116 2 10
116 3 1
116 4 34
116 5 29
116 6 13.2
116 7 11.119
116 9 2
116 38 2
117 1 22
117 2 10
117 3 1
117 4 34
117 5 29
117 6 11.05
117 7 10.291
117 9 2
117 38 2
118 1 23
118 2 10
118 3 1
118 4 34
118 5 29
118 6 7.6
118 7 8.465
118 9 2
118 38 2
119 1 25
119 2 10
119 3 1
119 4 34
119 5 29
119 6 10.05
119 7 11
119 9 2
119 38 2
120 1 26
120 2 10
120 3 1
120 4 34
120 5 29
120 6 15.4
120 7 11.803
120 9 2
120 38 2
121 1 27
121 2 10
121 3 1
121 4 34
121 5 29
121 6 15.4
121 7 11.803
121 9 2
121 38 2
122 1 28
122 2 10
122 3 1
122 4 34
122 5 29
122 6 11.8
122 7 12.5
122 9 2
122 38 2
123 1 29
123 2 10
123 3 1
123 4 34
123 5 29
123 6 9.35
123 7 9.484
123 9 2
123 38 2
124 1 30
124 2 10
124 3 1
124 4 34
124 5 29
124 6 10.05
124 7 9.835
124 9 2
124 38 2
125 1 31
125 2 10
125 3 1
125 4 34
125 5 29
125 6 6.95
125 7 8.026
125 9 2
125 38 2
126 1 32
126 2 10
126 3 1
126 4 34
126 5 29
126 6 7.3
126 7 8.2
126 9 2
126 38 2
127 1 33
127 2 10
127 3 1
127 4 34
127 5 29
127 6 9.25
127 7 9.431
127 9 2
127 38 2
128 1 34
128 2 10
128 3 1
128 4 34
128 5 29
128 6 9.15
128 7 9.378
128 9 2
128 38 2
129 1 36
129 2 10
129 3 1
129 4 34
129 5 29
129 6 10.1
129 7 9.5
129 9 2
129 38 2
130 1 37
130 2 10
130 3 4
130 4 34
130 5 29
130 6 10.65
130 7 10.114
130 9 2
130 38 2
131 1 38
131 2 10
131 3 1
131 4 34
131 5 29
131 6 11.7
131 7 10.561
131 9 2
131 38 2
132 1 39
132 2 10
132 3 1
132 4 34
132 5 29
132 6 13
132 7 11.05
132 9 2
132 38 2
133 1 40
133 2 10
133 3 1
133 4 34
133 5 29
133 6 7.05
133 7 7.6
133 9 2
133 38 2
134 1 41
134 2 10
134 3 1
134 4 34
134 5 29
134 6 8.3
134 7 8.899
134 9 2
134 38 2
135 1 42
135 2 10
135 3 1
135 4 34
135 5 29
135 6 7.65
135 7 8.497
135 9 2
135 38 2
136 1 43
136 2 10
136 3 1
136 4 34
136 5 29
136 6 11.55
136 7 10
136 9 2
136 38 2
137 1 44
137 2 10
137 3 1
137 4 34
137 5 29
137 6 10.05
137 7 9.835
137 9 2
137 38 2
138 1 45
138 2 10
138 3 1
138 4 34
138 5 29
138 6 12.55
138 7 10.888
138 9 2
138 38 2
139 1 47
139 2 10
139 3 1
139 4 34
139 5 29
139 6 12.9
139 7 11.014
139 9 2
139 38 2
140 1 48
140 2 10
140 3 1
140 4 34
140 5 29
140 6 13.05
140 7 11
140 9 2
140 38 2
141 1 49
141 2 10
141 3 1
141 4 34
141 5 29
141 6 15.55
141 7 12.2
141 9 2
141 38 2
142 1 50
142 2 10
142 3 1
142 4 34
142 5 29
142 6 14.55
142 7 11.555
142 9 2
142 38 2
SIMULATE 5 
SAVETABLES  
