PREINIT  
METSIKKO  
1 6892.491 
2 380.808 
3 115 
9 har_14081_1 
21 1 
22 3 
25 1 
57 0 
74 2 
78 1 
79 2 
109 2 
PUUT  
1 1 723
1 2 10
1 3 2
1 4 41
1 5 36
1 6 13.05
1 7 12.7
1 9 3
1 38 2
2 1 834
2 2 10
2 3 2
2 4 41
2 5 36
2 6 12.15
2 7 10.892
2 9 3
2 38 2
3 1 875
3 2 10
3 3 2
3 4 41
3 5 36
3 6 11.95
3 7 10.791
3 9 3
3 38 2
4 1 886
4 2 10
4 3 2
4 4 41
4 5 36
4 6 15.65
4 7 13.8
4 9 3
4 38 2
5 1 908
5 2 10
5 3 2
5 4 41
5 5 36
5 6 7.95
5 7 8.325
5 9 3
5 38 2
6 1 919
6 2 10
6 3 2
6 4 41
6 5 36
6 6 12.2
6 7 10.917
6 9 3
6 38 2
7 1 930
7 2 10
7 3 2
7 4 41
7 5 36
7 6 15.05
7 7 13.3
7 9 3
7 38 2
8 1 941
8 2 10
8 3 2
8 4 41
8 5 36
8 6 16.55
8 7 12.752
8 9 3
8 38 2
9 1 724
9 2 10
9 3 2
9 4 41
9 5 36
9 6 9.05
9 7 9.096
9 9 3
9 38 2
10 1 735
10 2 10
10 3 2
10 4 41
10 5 36
10 6 12
10 7 11.5
10 9 3
10 38 2
11 1 757
11 2 10
11 3 2
11 4 41
11 5 36
11 6 19.05
11 7 13.1
11 9 3
11 38 2
12 1 768
12 2 10
12 3 2
12 4 41
12 5 36
12 6 9.4
12 7 9.325
12 9 3
12 38 2
13 1 779
13 2 10
13 3 2
13 4 41
13 5 36
13 6 13.75
13 7 12.3
13 9 3
13 38 2
14 1 790
14 2 10
14 3 2
14 4 41
14 5 36
14 6 8.1
14 7 8.435
14 9 3
14 38 2
15 1 801
15 2 10
15 3 1
15 4 41
15 5 36
15 6 8.7
15 7 8.859
15 9 3
15 38 2
16 1 823
16 2 10
16 3 2
16 4 41
16 5 36
16 6 14
16 7 11.755
16 9 3
16 38 2
17 1 835
17 2 10
17 3 2
17 4 41
17 5 36
17 6 13.05
17 7 11.1
17 9 3
17 38 2
18 1 846
18 2 10
18 3 2
18 4 41
18 5 36
18 6 12.35
18 7 10.992
18 9 3
18 38 2
19 1 857
19 2 10
19 3 2
19 4 41
19 5 36
19 6 12.05
19 7 10.842
19 9 3
19 38 2
20 1 870
20 2 10
20 3 1
20 4 41
20 5 36
20 6 6
20 7 6.748
20 9 3
20 38 2
21 1 871
21 2 10
21 3 2
21 4 41
21 5 36
21 6 12.65
21 7 11.139
21 9 3
21 38 2
22 1 872
22 2 10
22 3 2
22 4 41
22 5 36
22 6 12.45
22 7 11.041
22 9 3
22 38 2
23 1 874
23 2 10
23 3 1
23 4 41
23 5 36
23 6 9.4
23 7 9.325
23 9 3
23 38 2
24 1 876
24 2 10
24 3 2
24 4 41
24 5 36
24 6 15.65
24 7 13
24 9 3
24 38 2
25 1 878
25 2 10
25 3 2
25 4 41
25 5 36
25 6 12.7
25 7 11.163
25 9 3
25 38 2
26 1 879
26 2 10
26 3 2
26 4 41
26 5 36
26 6 12.05
26 7 10.842
26 9 3
26 38 2
27 1 880
27 2 10
27 3 2
27 4 41
27 5 36
27 6 16.7
27 7 13.1
27 9 3
27 38 2
28 1 881
28 2 10
28 3 2
28 4 41
28 5 36
28 6 12.4
28 7 11.017
28 9 3
28 38 2
29 1 882
29 2 10
29 3 2
29 4 41
29 5 36
29 6 13
29 7 11.305
29 9 3
29 38 2
30 1 885
30 2 10
30 3 2
30 4 41
30 5 36
30 6 12.2
30 7 11.9
30 9 3
30 38 2
31 1 888
31 2 10
31 3 1
31 4 41
31 5 36
31 6 9.7
31 7 9.515
31 9 3
31 38 2
32 1 889
32 2 10
32 3 2
32 4 41
32 5 36
32 6 22.6
32 7 15.2
32 9 3
32 38 2
33 1 890
33 2 10
33 3 2
33 4 41
33 5 36
33 6 15.9
33 7 12.9
33 9 3
33 38 2
34 1 891
34 2 10
34 3 2
34 4 41
34 5 36
34 6 11.75
34 7 10.687
34 9 3
34 38 2
35 1 892
35 2 10
35 3 2
35 4 41
35 5 36
35 6 14.2
35 7 11.84
35 9 3
35 38 2
36 1 893
36 2 10
36 3 2
36 4 41
36 5 36
36 6 12.9
36 7 10.1
36 9 3
36 38 2
37 1 894
37 2 10
37 3 1
37 4 41
37 5 36
37 6 9.7
37 7 9.515
37 9 3
37 38 2
38 1 895
38 2 10
38 3 2
38 4 41
38 5 36
38 6 13
38 7 11.305
38 9 3
38 38 2
39 1 899
39 2 10
39 3 2
39 4 41
39 5 36
39 6 11.8
39 7 10.713
39 9 3
39 38 2
40 1 900
40 2 10
40 3 1
40 4 41
40 5 36
40 6 11.05
40 7 9.4
40 9 3
40 38 2
41 1 901
41 2 10
41 3 1
41 4 41
41 5 36
41 6 11.95
41 7 10.791
41 9 3
41 38 2
42 1 902
42 2 10
42 3 1
42 4 41
42 5 36
42 6 6.05
42 7 6.792
42 9 3
42 38 2
43 1 903
43 2 10
43 3 1
43 4 41
43 5 36
43 6 6.55
43 7 7.222
43 9 3
43 38 2
44 1 904
44 2 10
44 3 1
44 4 41
44 5 36
44 6 13.5
44 7 11.535
44 9 3
44 38 2
45 1 905
45 2 10
45 3 2
45 4 41
45 5 36
45 6 10.35
45 7 9.6
45 9 3
45 38 2
46 1 907
46 2 10
46 3 1
46 4 41
46 5 36
46 6 11.1
46 7 10.339
46 9 3
46 38 2
47 1 909
47 2 10
47 3 1
47 4 41
47 5 36
47 6 7.55
47 7 8.025
47 9 3
47 38 2
48 1 910
48 2 10
48 3 1
48 4 41
48 5 36
48 6 14.65
48 7 10.2
48 9 3
48 38 2
49 1 911
49 2 10
49 3 1
49 4 41
49 5 36
49 6 7.5
49 7 7.8
49 9 3
49 38 2
50 1 912
50 2 10
50 3 2
50 4 41
50 5 36
50 6 12.3
50 7 10.967
50 9 3
50 38 2
51 1 913
51 2 10
51 3 2
51 4 41
51 5 36
51 6 12.7
51 7 11.163
51 9 3
51 38 2
52 1 914
52 2 10
52 3 1
52 4 41
52 5 36
52 6 8.15
52 7 8.472
52 9 3
52 38 2
53 1 915
53 2 10
53 3 1
53 4 41
53 5 36
53 6 8.7
53 7 8.859
53 9 3
53 38 2
54 1 918
54 2 10
54 3 2
54 4 41
54 5 36
54 6 9.7
54 7 9.515
54 9 3
54 38 2
55 1 920
55 2 10
55 3 2
55 4 41
55 5 36
55 6 9.15
55 7 9.162
55 9 3
55 38 2
56 1 921
56 2 10
56 3 2
56 4 41
56 5 36
56 6 9.75
56 7 10.3
56 9 3
56 38 2
57 1 924
57 2 10
57 3 2
57 4 41
57 5 36
57 6 12.15
57 7 10.892
57 9 3
57 38 2
58 1 925
58 2 10
58 3 2
58 4 41
58 5 36
58 6 13.45
58 7 11.512
58 9 3
58 38 2
59 1 927
59 2 10
59 3 2
59 4 41
59 5 36
59 6 11.65
59 7 10.635
59 9 3
59 38 2
60 1 928
60 2 10
60 3 1
60 4 41
60 5 36
60 6 8.8
60 7 8.928
60 9 3
60 38 2
61 1 929
61 2 10
61 3 2
61 4 41
61 5 36
61 6 13.05
61 7 11.329
61 9 3
61 38 2
62 1 932
62 2 10
62 3 2
62 4 41
62 5 36
62 6 16.95
62 7 12.891
62 9 3
62 38 2
63 1 933
63 2 10
63 3 2
63 4 41
63 5 36
63 6 12.15
63 7 9.4
63 9 3
63 38 2
64 1 938
64 2 10
64 3 2
64 4 41
64 5 36
64 6 10.4
64 7 9.94
64 9 3
64 38 2
65 1 939
65 2 10
65 3 2
65 4 41
65 5 36
65 6 11
65 7 10.5
65 9 3
65 38 2
66 1 940
66 2 10
66 3 2
66 4 41
66 5 36
66 6 13.15
66 7 11.375
66 9 3
66 38 2
67 1 942
67 2 10
67 3 1
67 4 41
67 5 36
67 6 11.05
67 7 8.8
67 9 3
67 38 2
68 1 944
68 2 10
68 3 1
68 4 41
68 5 36
68 6 7.4
68 7 7.909
68 9 3
68 38 2
69 1 945
69 2 10
69 3 2
69 4 41
69 5 36
69 6 7.15
69 7 7.713
69 9 3
69 38 2
70 1 946
70 2 10
70 3 2
70 4 41
70 5 36
70 6 13.75
70 7 11.7
70 9 3
70 38 2
71 1 948
71 2 10
71 3 1
71 4 41
71 5 36
71 6 8.3
71 7 8.579
71 9 3
71 38 2
72 1 951
72 2 10
72 3 1
72 4 41
72 5 36
72 6 7.85
72 7 8.6
72 9 3
72 38 2
73 1 726
73 2 10
73 3 1
73 4 41
73 5 36
73 6 7.25
73 7 7.792
73 9 3
73 38 2
74 1 727
74 2 10
74 3 2
74 4 41
74 5 36
74 6 9.4
74 7 9.325
74 9 3
74 38 2
75 1 728
75 2 10
75 3 2
75 4 41
75 5 36
75 6 12.6
75 7 11.115
75 9 3
75 38 2
76 1 729
76 2 10
76 3 2
76 4 41
76 5 36
76 6 12.6
76 7 11
76 9 3
76 38 2
77 1 730
77 2 10
77 3 1
77 4 41
77 5 36
77 6 12.8
77 7 10.4
77 9 3
77 38 2
78 1 731
78 2 10
78 3 2
78 4 41
78 5 36
78 6 13.85
78 7 11.69
78 9 3
78 38 2
79 1 732
79 2 10
79 3 2
79 4 41
79 5 36
79 6 9.65
79 7 9.484
79 9 3
79 38 2
80 1 734
80 2 10
80 3 2
80 4 41
80 5 36
80 6 9.9
80 7 9.64
80 9 3
80 38 2
81 1 736
81 2 10
81 3 2
81 4 41
81 5 36
81 6 13.55
81 7 11.557
81 9 3
81 38 2
82 1 737
82 2 10
82 3 2
82 4 41
82 5 36
82 6 13.85
82 7 11.69
82 9 3
82 38 2
83 1 738
83 2 10
83 3 2
83 4 41
83 5 36
83 6 14.3
83 7 12
83 9 3
83 38 2
84 1 739
84 2 10
84 3 2
84 4 41
84 5 36
84 6 12.1
84 7 10.867
84 9 3
84 38 2
85 1 740
85 2 10
85 3 2
85 4 41
85 5 36
85 6 7.2
85 7 7.753
85 9 3
85 38 2
86 1 741
86 2 10
86 3 2
86 4 41
86 5 36
86 6 9.7
86 7 10.1
86 9 3
86 38 2
87 1 742
87 2 10
87 3 2
87 4 41
87 5 36
87 6 5.15
87 7 5.968
87 9 3
87 38 2
88 1 743
88 2 10
88 3 2
88 4 41
88 5 36
88 6 12.8
88 7 11.211
88 9 3
88 38 2
89 1 744
89 2 10
89 3 2
89 4 41
89 5 36
89 6 11.2
89 7 10.394
89 9 3
89 38 2
90 1 747
90 2 10
90 3 2
90 4 41
90 5 36
90 6 8.55
90 7 8.756
90 9 3
90 38 2
91 1 748
91 2 10
91 3 2
91 4 41
91 5 36
91 6 9.5
91 7 9.389
91 9 3
91 38 2
92 1 749
92 2 10
92 3 2
92 4 41
92 5 36
92 6 10.55
92 7 10.3
92 9 3
92 38 2
93 1 750
93 2 10
93 3 2
93 4 41
93 5 36
93 6 10.2
93 7 9.821
93 9 3
93 38 2
94 1 751
94 2 10
94 3 2
94 4 41
94 5 36
94 6 8.45
94 7 8.686
94 9 3
94 38 2
95 1 752
95 2 10
95 3 2
95 4 41
95 5 36
95 6 13.45
95 7 11.3
95 9 3
95 38 2
96 1 753
96 2 10
96 3 2
96 4 41
96 5 36
96 6 14.15
96 7 11.819
96 9 3
96 38 2
97 1 754
97 2 10
97 3 2
97 4 41
97 5 36
97 6 6.2
97 7 6.923
97 9 3
97 38 2
98 1 755
98 2 10
98 3 2
98 4 41
98 5 36
98 6 12.1
98 7 11.8
98 9 3
98 38 2
99 1 756
99 2 10
99 3 2
99 4 41
99 5 36
99 6 9.85
99 7 9.609
99 9 3
99 38 2
100 1 758
100 2 10
100 3 2
100 4 41
100 5 36
100 6 11.45
100 7 10.529
100 9 3
100 38 2
101 1 759
101 2 10
101 3 2
101 4 41
101 5 36
101 6 8.9
101 7 8.995
101 9 3
101 38 2
102 1 760
102 2 10
102 3 2
102 4 41
102 5 36
102 6 8.05
102 7 8.399
102 9 3
102 38 2
103 1 761
103 2 10
103 3 1
103 4 41
103 5 36
103 6 6.35
103 7 7.053
103 9 3
103 38 2
104 1 763
104 2 10
104 3 2
104 4 41
104 5 36
104 6 11.8
104 7 10.713
104 9 3
104 38 2
105 1 765
105 2 10
105 3 2
105 4 41
105 5 36
105 6 7.95
105 7 8.6
105 9 3
105 38 2
106 1 766
106 2 10
106 3 2
106 4 41
106 5 36
106 6 11.2
106 7 10.394
106 9 3
106 38 2
107 1 767
107 2 10
107 3 2
107 4 41
107 5 36
107 6 9.3
107 7 9.26
107 9 3
107 38 2
108 1 770
108 2 10
108 3 2
108 4 41
108 5 36
108 6 5.4
108 7 6.203
108 9 3
108 38 2
109 1 772
109 2 10
109 3 2
109 4 41
109 5 36
109 6 13.15
109 7 11.375
109 9 3
109 38 2
110 1 773
110 2 10
110 3 2
110 4 41
110 5 36
110 6 10.9
110 7 11
110 9 3
110 38 2
111 1 774
111 2 10
111 3 2
111 4 41
111 5 36
111 6 9.3
111 7 9.26
111 9 3
111 38 2
112 1 775
112 2 10
112 3 2
112 4 41
112 5 36
112 6 7.6
112 7 8.063
112 9 3
112 38 2
113 1 776
113 2 10
113 3 2
113 4 41
113 5 36
113 6 12.85
113 7 10.2
113 9 3
113 38 2
114 1 777
114 2 10
114 3 2
114 4 41
114 5 36
114 6 4.75
114 7 5.581
114 9 3
114 38 2
115 1 778
115 2 10
115 3 2
115 4 41
115 5 36
115 6 11.3
115 7 10.448
115 9 3
115 38 2
116 1 781
116 2 10
116 3 2
116 4 41
116 5 36
116 6 8.85
116 7 8.962
116 9 3
116 38 2
117 1 782
117 2 10
117 3 2
117 4 41
117 5 36
117 6 14.25
117 7 11.862
117 9 3
117 38 2
118 1 783
118 2 10
118 3 2
118 4 41
118 5 36
118 6 12.05
118 7 10.842
118 9 3
118 38 2
119 1 784
119 2 10
119 3 1
119 4 41
119 5 36
119 6 6.1
119 7 6.2
119 9 3
119 38 2
120 1 785
120 2 10
120 3 2
120 4 41
120 5 36
120 6 9.45
120 7 9.4
120 9 3
120 38 2
121 1 787
121 2 10
121 3 2
121 4 41
121 5 36
121 6 14.55
121 7 11.987
121 9 3
121 38 2
122 1 788
122 2 10
122 3 2
122 4 41
122 5 36
122 6 10.2
122 7 9.821
122 9 3
122 38 2
123 1 791
123 2 10
123 3 2
123 4 41
123 5 36
123 6 14.8
123 7 12.089
123 9 3
123 38 2
124 1 792
124 2 10
124 3 2
124 4 41
124 5 36
124 6 12.5
124 7 12.1
124 9 3
124 38 2
125 1 793
125 2 10
125 3 2
125 4 41
125 5 36
125 6 13.75
125 7 11.646
125 9 3
125 38 2
126 1 794
126 2 10
126 3 2
126 4 41
126 5 36
126 6 11.1
126 7 10.339
126 9 3
126 38 2
127 1 795
127 2 10
127 3 2
127 4 41
127 5 36
127 6 6.6
127 7 7.1
127 9 3
127 38 2
128 1 796
128 2 10
128 3 2
128 4 41
128 5 36
128 6 12.85
128 7 11.234
128 9 3
128 38 2
129 1 797
129 2 10
129 3 2
129 4 41
129 5 36
129 6 11.6
129 7 10.609
129 9 3
129 38 2
130 1 798
130 2 10
130 3 2
130 4 41
130 5 36
130 6 10.95
130 7 10.255
130 9 3
130 38 2
131 1 799
131 2 10
131 3 2
131 4 41
131 5 36
131 6 8.4
131 7 8.65
131 9 3
131 38 2
132 1 800
132 2 10
132 3 2
132 4 41
132 5 36
132 6 8.45
132 7 8.686
132 9 3
132 38 2
133 1 802
133 2 10
133 3 2
133 4 41
133 5 36
133 6 11.4
133 7 10
133 9 3
133 38 2
134 1 803
134 2 10
134 3 2
134 4 41
134 5 36
134 6 3.2
134 7 3.98
134 9 3
134 38 2
135 1 804
135 2 10
135 3 2
135 4 41
135 5 36
135 6 10.6
135 7 10.057
135 9 3
135 38 2
136 1 806
136 2 10
136 3 2
136 4 41
136 5 36
136 6 17.7
136 7 12.3
136 9 3
136 38 2
137 1 807
137 2 10
137 3 2
137 4 41
137 5 36
137 6 9.6
137 7 9.453
137 9 3
137 38 2
138 1 809
138 2 10
138 3 2
138 4 41
138 5 36
138 6 14
138 7 11.755
138 9 3
138 38 2
139 1 810
139 2 10
139 3 2
139 4 41
139 5 36
139 6 5.75
139 7 6.525
139 9 3
139 38 2
140 1 813
140 2 10
140 3 2
140 4 41
140 5 36
140 6 5.1
140 7 5.92
140 9 3
140 38 2
141 1 814
141 2 10
141 3 2
141 4 41
141 5 36
141 6 14.65
141 7 12.028
141 9 3
141 38 2
142 1 815
142 2 10
142 3 2
142 4 41
142 5 36
142 6 11.05
142 7 10.311
142 9 3
142 38 2
143 1 816
143 2 10
143 3 1
143 4 41
143 5 36
143 6 10.95
143 7 10.255
143 9 3
143 38 2
144 1 817
144 2 10
144 3 1
144 4 41
144 5 36
144 6 7.75
144 7 9.1
144 9 3
144 38 2
145 1 818
145 2 10
145 3 2
145 4 41
145 5 36
145 6 15.95
145 7 11.7
145 9 3
145 38 2
146 1 819
146 2 10
146 3 2
146 4 41
146 5 36
146 6 9.65
146 7 9.484
146 9 3
146 38 2
147 1 820
147 2 10
147 3 2
147 4 41
147 5 36
147 6 3.1
147 7 3.872
147 9 3
147 38 2
148 1 821
148 2 10
148 3 1
148 4 41
148 5 36
148 6 9.35
148 7 9.293
148 9 3
148 38 2
149 1 822
149 2 10
149 3 2
149 4 41
149 5 36
149 6 13.7
149 7 11.4
149 9 3
149 38 2
150 1 824
150 2 10
150 3 2
150 4 41
150 5 36
150 6 11.25
150 7 10.421
150 9 3
150 38 2
151 1 825
151 2 10
151 3 2
151 4 41
151 5 36
151 6 13.4
151 7 11.49
151 9 3
151 38 2
152 1 826
152 2 10
152 3 2
152 4 41
152 5 36
152 6 17.8
152 7 12.5
152 9 3
152 38 2
153 1 828
153 2 10
153 3 2
153 4 41
153 5 36
153 6 11.25
153 7 10.421
153 9 3
153 38 2
154 1 829
154 2 10
154 3 2
154 4 41
154 5 36
154 6 8.75
154 7 8.894
154 9 3
154 38 2
155 1 830
155 2 10
155 3 2
155 4 41
155 5 36
155 6 12.35
155 7 10.6
155 9 3
155 38 2
156 1 831
156 2 10
156 3 2
156 4 41
156 5 36
156 6 11.5
156 7 10.556
156 9 3
156 38 2
157 1 832
157 2 10
157 3 2
157 4 41
157 5 36
157 6 9.55
157 7 9.421
157 9 3
157 38 2
158 1 833
158 2 10
158 3 2
158 4 41
158 5 36
158 6 11.3
158 7 11.3
158 9 3
158 38 2
159 1 836
159 2 10
159 3 2
159 4 41
159 5 36
159 6 14.55
159 7 11.987
159 9 3
159 38 2
160 1 838
160 2 10
160 3 2
160 4 41
160 5 36
160 6 14.4
160 7 12.7
160 9 3
160 38 2
161 1 840
161 2 10
161 3 2
161 4 41
161 5 36
161 6 9.2
161 7 9.195
161 9 3
161 38 2
162 1 841
162 2 10
162 3 2
162 4 41
162 5 36
162 6 14.2
162 7 11.6
162 9 3
162 38 2
163 1 843
163 2 10
163 3 2
163 4 41
163 5 36
163 6 10.95
163 7 10.255
163 9 3
163 38 2
164 1 844
164 2 10
164 3 2
164 4 41
164 5 36
164 6 8.1
164 7 8.435
164 9 3
164 38 2
165 1 847
165 2 10
165 3 1
165 4 41
165 5 36
165 6 5.95
165 7 6.704
165 9 3
165 38 2
166 1 848
166 2 10
166 3 2
166 4 41
166 5 36
166 6 13.2
166 7 11.398
166 9 3
166 38 2
167 1 849
167 2 10
167 3 2
167 4 41
167 5 36
167 6 7.5
167 7 7.987
167 9 3
167 38 2
168 1 850
168 2 10
168 3 2
168 4 41
168 5 36
168 6 8.1
168 7 9.7
168 9 3
168 38 2
169 1 851
169 2 10
169 3 2
169 4 41
169 5 36
169 6 13.65
169 7 11.602
169 9 3
169 38 2
170 1 852
170 2 10
170 3 2
170 4 41
170 5 36
170 6 11.15
170 7 10.366
170 9 3
170 38 2
171 1 853
171 2 10
171 3 2
171 4 41
171 5 36
171 6 11.65
171 7 10.635
171 9 3
171 38 2
172 1 854
172 2 10
172 3 2
172 4 41
172 5 36
172 6 10
172 7 9.701
172 9 3
172 38 2
173 1 855
173 2 10
173 3 2
173 4 41
173 5 36
173 6 9.4
173 7 9.325
173 9 3
173 38 2
174 1 856
174 2 10
174 3 2
174 4 41
174 5 36
174 6 10.55
174 7 9.6
174 9 3
174 38 2
175 1 858
175 2 10
175 3 2
175 4 41
175 5 36
175 6 11.3
175 7 10.448
175 9 3
175 38 2
176 1 859
176 2 10
176 3 2
176 4 41
176 5 36
176 6 10.45
176 7 9.969
176 9 3
176 38 2
177 1 860
177 2 10
177 3 2
177 4 41
177 5 36
177 6 12.8
177 7 11
177 9 3
177 38 2
178 1 861
178 2 10
178 3 1
178 4 41
178 5 36
178 6 11.25
178 7 10.421
178 9 3
178 38 2
179 1 863
179 2 10
179 3 1
179 4 41
179 5 36
179 6 9.55
179 7 9.421
179 9 3
179 38 2
180 1 864
180 2 10
180 3 2
180 4 41
180 5 36
180 6 17.1
180 7 13.3
180 9 3
180 38 2
181 1 865
181 2 10
181 3 2
181 4 41
181 5 36
181 6 13.3
181 7 11.444
181 9 3
181 38 2
SIMULATE 5 
SAVETABLES  
