METSIKKO
1 6892.491211
2 380.808014
3 115.000000
9 -1.000000
17 46.000000
18 -9999.000000
19 -9999.000000
20 -9999.000000
21 1.000000
22 3.000000
25 1.000000
28 -9999.000000
50 5.000000
51 5.000000
54 -9999.000000
57 5.000000
58 -9999.000000
60 -9999.000000
61 -9999.000000
62 -9999.000000
63 -9999.000000
69 -9999.000000
70 -1.000000
71 46.000000
72 41.000000
73 4.000000
74 2.000000
78 1.000000
79 2.000000
86 46.000000
87 10.171900
88 1.086819
89 100.000000
90 12.376950
91 2.000000
104 46.000000
105 10.171900
106 1.086819
107 100.000000
108 12.376950
109 2.000000
110 10.171900
112 10.171900
120 11.404750
122 11.404750
130 10.624380
132 10.624380
140 10.171901
142 10.171901
150 11.547564
152 11.547564
160 13.871228
162 13.871228
170 12.376949
172 12.376949
180 11.547564
182 11.547564
191 0.952360
194 0.068378
196 5.868999
199 5.868999
200 100.000000
202 100.000000
210 100.000000
212 100.000000
220 1.086819
222 1.086819
250 0.025888
252 0.025888
260 5.868999
262 5.868999
291 10.170900
292 13.362500
293 0.994642
294 10.170900
296 5.423325
297 11.899891
299 13.411704
321 -9999.000000
325 5.423325
329 1.000000
351 -9999.000000
354 1.000000
410 5.082225
412 5.082225
500 213410.000000
511 2.032174
512 0.319892
513 0.784252
514 0.123085
515 0.704897
516 0.205019
517 0.907737
518 0.052021
519 5.129078
571 46.000000
580 1.000000
582 502.000000
PUUT
1 1 1.000000
1 2 10.000000
1 3 2.000000
1 4 46.000000
1 5 41.000000
1 6 15.051105
1 7 12.001000
1 8 0.952360
1 9 3.000000
1 20 0.088960
1 22 0.088960
1 30 0.105354
1 33 0.099964
1 34 0.005390
1 38 2.000000
1 41 12.000000
1 42 0.953734
1 43 5.000000
1 44 14.550000
1 47 0.501104
1 48 11.650009
1 49 0.001000
1 50 0.006054
1 51 0.003012
1 52 177.920761
1 70 -0.034769
1 71 -0.030630
1 80 0.041389
1 81 0.039272
1 82 0.002118
1 83 0.014309
1 84 0.002026
1 85 0.011877
1 86 0.003716
1 87 0.015807
1 88 0.000877
2 1 4.000000
2 2 10.000000
2 3 2.000000
2 4 46.000000
2 5 41.000000
2 6 13.560745
2 7 11.242001
2 8 0.952360
2 9 3.000000
2 20 0.250136
2 22 0.250136
2 30 0.081420
2 33 0.075667
2 34 0.005754
2 38 2.000000
2 41 11.241000
2 42 0.953734
2 43 5.000000
2 44 13.050000
2 47 0.510745
2 48 10.674591
2 49 0.001000
2 50 0.005455
2 51 0.002728
2 52 144.429871
2 70 -0.035727
2 71 -0.030624
2 80 0.032368
2 81 0.030081
2 82 0.002287
2 83 0.010963
2 84 0.001632
2 85 0.009577
2 86 0.002837
2 87 0.012343
2 88 0.000707
3 1 8.000000
3 2 10.000000
3 3 2.000000
3 4 46.000000
3 5 41.000000
3 6 13.461360
3 7 11.199000
3 8 0.952360
3 9 3.000000
3 20 0.393511
3 22 0.393511
3 30 0.080012
3 33 0.074228
3 34 0.005783
3 38 2.000000
3 41 11.198000
3 42 0.953734
3 43 5.000000
3 44 12.950000
3 47 0.511360
3 48 10.607376
3 49 0.001000
3 50 0.005412
3 51 0.002693
3 52 142.320602
3 70 -0.038216
3 71 -0.032119
3 80 0.031833
3 81 0.029532
3 82 0.002301
3 83 0.010756
3 84 0.001609
3 85 0.009430
3 86 0.002784
3 87 0.012132
3 88 0.000696
4 1 7.000000
4 2 10.000000
4 3 2.000000
4 4 46.000000
4 5 41.000000
4 6 13.411704
4 7 11.177000
4 8 0.952360
4 9 3.000000
4 20 0.535308
4 22 0.535308
4 30 0.079307
4 33 0.073509
4 34 0.005798
4 38 2.000000
4 41 11.176000
4 42 0.953734
4 43 5.000000
4 44 12.900000
4 47 0.511704
4 48 10.574448
4 49 0.001000
4 50 0.005377
4 51 0.002663
4 52 141.272552
4 70 -0.033610
4 71 -0.030620
4 80 0.031565
4 81 0.029258
4 82 0.002308
4 83 0.010654
4 84 0.001597
4 85 0.009357
4 86 0.002758
4 87 0.012027
4 88 0.000691
5 1 3.000000
5 2 10.000000
5 3 2.000000
5 4 46.000000
5 5 41.000000
5 6 12.020323
5 7 10.523001
5 8 0.952360
5 9 3.000000
5 20 0.662684
5 22 0.662684
5 30 0.060934
5 33 0.054682
5 34 0.006252
5 38 2.000000
5 41 10.522000
5 42 0.953734
5 43 5.000000
5 44 11.500000
5 47 0.520323
5 48 9.611839
5 49 0.001000
5 50 0.004633
5 51 0.002311
5 52 113.480743
5 70 -0.033559
5 71 -0.030619
5 80 0.024520
5 81 0.022004
5 82 0.002516
5 83 0.008040
5 84 0.001287
5 85 0.007400
5 86 0.002094
5 87 0.009335
5 88 0.000546
6 1 2.000000
6 2 10.000000
6 3 2.000000
6 4 46.000000
6 5 41.000000
6 6 11.523300
6 7 10.268001
6 8 0.952360
6 9 3.000000
6 20 0.771570
6 22 0.771570
6 30 0.055042
6 33 0.048609
6 34 0.006433
6 38 2.000000
6 41 10.267000
6 42 0.953734
6 43 5.000000
6 44 11.000000
6 47 0.523300
6 48 9.257050
6 49 0.001000
6 50 0.004527
6 51 0.002264
6 52 104.290230
6 70 -0.034438
6 71 -0.030629
6 80 0.022235
6 81 0.019636
6 82 0.002599
6 83 0.007222
6 84 0.001183
6 85 0.006746
6 86 0.001888
6 87 0.008483
6 88 0.000498
7 1 5.000000
7 2 10.000000
7 3 2.000000
7 4 46.000000
7 5 41.000000
7 6 10.280460
7 7 9.575001
7 8 0.952360
7 9 3.000000
7 20 0.865218
7 22 0.865218
7 30 0.041607
7 33 0.034668
7 34 0.006939
7 38 2.000000
7 41 9.574000
7 42 0.953734
7 43 5.000000
7 44 9.750000
7 47 0.530460
7 48 8.345146
7 49 0.001000
7 50 0.003847
7 51 0.001866
7 52 83.007057
7 70 -0.039649
7 71 -0.032517
7 80 0.016970
7 81 0.014140
7 82 0.002830
7 83 0.005428
7 84 0.000940
7 85 0.005232
7 86 0.001436
7 87 0.006587
7 88 0.000386
8 1 10.000000
8 2 10.000000
8 3 2.000000
8 4 46.000000
8 5 41.000000
8 6 9.286159
8 7 8.956000
8 8 0.952360
8 9 3.000000
8 20 0.940585
8 22 0.940585
8 30 0.032235
8 33 0.024794
8 34 0.007441
8 38 2.000000
8 41 8.955000
8 42 0.953734
8 43 5.000000
8 44 8.750000
8 47 0.536159
8 48 7.594990
8 49 0.001000
8 50 0.003400
8 51 0.001638
8 52 67.727036
8 80 0.013248
8 81 0.010190
8 82 0.003058
8 83 0.004238
8 84 0.000765
8 85 0.004154
8 86 0.001136
8 87 0.005300
8 88 0.000307
9 1 9.000000
9 2 10.000000
9 3 2.000000
9 4 46.000000
9 5 41.000000
9 6 8.987490
9 7 8.801001
9 8 0.952360
9 9 3.000000
9 20 1.006169
9 22 1.006169
9 30 0.029769
9 33 0.022101
9 34 0.007668
9 38 2.000000
9 41 8.800000
9 42 0.953734
9 43 5.000000
9 44 8.450000
9 47 0.537490
9 48 7.361118
9 49 0.001000
9 50 0.003207
9 51 0.001603
9 52 63.440510
9 70 -0.037504
9 71 -0.031660
9 80 0.012263
9 81 0.009104
9 82 0.003159
9 83 0.003912
9 84 0.000720
9 85 0.003851
9 86 0.001056
9 87 0.004951
9 88 0.000284
10 1 6.000000
10 2 10.000000
10 3 2.000000
10 4 46.000000
10 5 41.000000
10 6 7.892987
10 7 7.977000
10 8 0.952360
10 9 3.000000
10 20 1.062354
10 22 1.062354
10 30 0.021220
10 34 0.021220
10 38 2.000000
10 41 7.976000
10 42 0.953734
10 43 5.000000
10 44 7.350000
10 47 0.542987
10 48 6.500534
10 49 0.001000
10 50 0.002655
10 51 0.001328
10 52 48.929707
10 70 -0.033636
10 71 -0.030620
10 80 0.008814
10 82 0.008814
10 83 0.002906
10 84 0.000549
10 85 0.002867
10 86 0.000798
10 87 0.003810
10 88 0.000212
